8.876808866570884415e-01 3.704638341448660555e-01 5.278168583719612394e-01
1.165284732352783736e-01 4.072871026576336817e-01 3.022789623992691022e-01
1.551613083168512652e-02 9.149793458796617873e-01 5.281651889291942847e-01
7.120594547099114990e-01 9.494920467283359811e-01 8.838071544011627534e-02
9.232687037640588956e-01 8.101282139287422357e-01 8.160709113392375924e-01
2.329705073550323302e-01 2.165781784443878699e-01 5.876288813222041441e-01
2.189646164410665730e-01 7.879521341375087529e-01 3.225317600460505529e-01
3.795446847521909417e-01 2.962442101826884278e-01 7.856600446003789706e-01
6.844187561958074983e-01 7.398546443259328420e-01 2.449484406780899626e-01
5.349546351456856419e-01 4.591817980442191027e-01 8.477757055783303741e-01
4.566530971795380589e-01 5.201524872578505709e-01 9.198136769445961480e-01
6.470502356460305915e-02 7.303476011745518859e-01 9.606698181069210918e-01
8.176401657177039262e-01 1.059724955986994788e-01 7.521428142711911180e-01
9.256347913186661058e-01 5.257510262618657615e-01 6.751005653475112833e-01
1.047921349223225329e-01 3.224827183223943905e-02 1.035969428697901540e-01
4.343034615471800253e-01 9.767729468862429432e-02 2.124489930362580825e-01
5.008190483693153450e-01 4.301125058459396300e-01 5.357773863037439410e-01
3.780298063161821043e-01 6.477398664730449340e-02 4.650590064195172513e-01
5.415942489405363158e-01 2.950496754039153569e-01 5.992728958124602379e-01
7.932661632427773224e-01 9.808700038258642007e-01 9.551205954819919075e-01
3.253280225586685503e-02 2.992107650284838716e-01 7.057995723689258760e-03
3.284338959434911498e-01 2.905371689203745111e-01 4.647655912341898121e-01
9.142813570195391648e-01 4.126444368795973983e-01 7.663736149871265280e-01
4.622041084367933816e-02 7.347569440597717660e-01 3.088957812778819756e-01
3.513268238737153881e-01 6.257666307179668985e-01 6.797132598075230625e-01
9.801866145150297527e-01 8.132358501453116340e-01 7.699398048604924050e-01
5.939869225413791920e-01 1.921295449385704845e-01 8.209621382890293084e-01
1.757161211934720191e-01 4.674726204899314341e-01 8.076882699240346408e-01
3.410090640277728680e-01 9.742254733877894202e-01 5.238121062290392871e-01
2.002681463895308323e-01 4.816416977825088708e-01 4.295950849131910942e-01
5.908887931996313903e-01 9.274788839898908677e-01 3.304959956673426680e-01
9.729931528643495087e-01 7.043327008849076254e-01 4.825906213011776913e-02
3.277618960086806643e-01 1.982737311706999073e-01 3.617117699925370689e-01
7.173434417160869936e-01 6.085018943886971732e-01 4.221948715442807032e-01
9.253313426209285320e-01 7.778653921603285726e-01 1.136729248158168115e-01
8.771411951987767575e-01 2.546543506962135606e-01 9.588333578149943470e-02
7.308493040890338133e-01 7.748628122391987283e-02 4.404551930547727645e-01
7.123398107215378472e-01 9.878582548997106860e-01 4.756878864218759828e-01
5.196309660932874053e-01 9.608364953076001802e-01 3.895907149700864602e-01
7.393906593059904608e-01 2.021744243941995256e-01 3.358347143736960527e-01
9.494633018522582457e-01 2.824031177041398388e-01 4.062095638507932094e-01
5.178577323102051544e-01 9.157197224414627135e-01 1.923578225588737922e-01
7.681108493184464203e-01 1.047508024266891047e-01 6.642673271854110384e-01
6.126736317848989755e-01 3.557691722777311938e-03 7.282198883131537626e-01
7.117495832764317854e-01 5.193262236354917460e-01 6.350258143973492864e-01
2.901154482805406998e-01 6.082058460224682994e-01 7.748318988254063733e-01
4.736422122054427808e-01 9.968328423538707073e-01 9.813935363951832302e-01
3.223014798702804606e-01 3.774323215946367993e-01 9.937478583860013259e-01
6.602837300424698741e-01 2.321005081463574093e-01 4.349369902504962582e-01
7.200366708054084519e-01 8.496705985693104868e-01 8.238061557976594784e-01
1.456926494702375230e-01 1.604080562722322023e-01 9.925582202790209640e-01
5.712840129540134315e-01 4.772231485485872726e-01 3.523896758617672820e-01
4.568056286694377466e-02 9.486514986042002828e-01 9.795439246878625550e-01
6.415300169374449357e-02 2.656311983039116864e-02 3.288802278576157256e-01
1.769782651751066194e-01 8.883774286907830664e-01 2.342701166490356313e-01
2.429307572085082079e-02 7.709141499695065791e-01 2.400472546456571266e-01
8.685589521788982248e-01 3.448251441208832757e-01 2.561710460595680861e-01
3.227199678930514626e-01 8.947379256656339264e-01 4.687748106851792329e-01
4.695918724824152957e-01 6.618854243192767717e-01 1.141024303083527647e-01
4.171815963068928879e-01 1.934692904845309869e-01 8.002970009884387004e-01
1.432773009446708379e-02 9.120971923388764280e-01 6.609029851624201868e-01
3.363871825025912532e-01 6.345081765736559909e-01 1.965382804712785259e-01
4.685231021337236124e-01 6.625249259227312670e-01 2.347187026925661169e-01
6.809885652885929730e-01 8.672158025018897876e-01 6.222533238566524405e-01
1.548442563140015604e-01 4.619381094046387526e-01 5.267355605914024741e-01
7.634551288094291177e-01 4.275292399978727342e-01 7.968465410182288267e-01
1.878891292574721428e-01 4.663902735428422375e-01 2.314316914966285665e-02
6.351002764844980719e-01 8.025606992260282402e-01 4.853256362587549111e-01
5.634704278917159748e-01 6.588040237227366092e-01 2.050126428414827950e-01
2.432619272260345689e-01 6.532067714803766467e-01 6.592151656188844910e-01
7.829265186074357841e-01 1.339087910520919689e-02 7.081929420810939568e-02
2.471543932250039877e-01 6.717907458144819488e-01 3.745147209185252235e-01
4.295607092268378668e-01 7.387708346932143622e-01 2.523909566869194654e-01
1.175655191084440387e-01 3.190237417932791919e-01 2.771618256494563504e-01
3.649022791483040873e-01 5.015229553854694267e-02 6.562495468023334944e-01
3.326686185147713637e-01 3.122499636552081848e-01 4.608178416680089873e-01
9.089385849033629894e-01 2.796432788429004113e-02 6.802254491371991785e-01
7.116607539578688746e-01 8.680696785325692222e-01 4.445401108879525331e-01
2.456475189142854898e-01 1.065916424842979771e-01 5.454364143225535200e-01
7.523893847311506899e-01 3.594656820910812067e-01 3.310394350233422101e-01
8.672357861437851589e-01 7.749965471462028077e-01 3.427803365991274331e-01
8.804685992380916204e-01 8.646153908504757846e-01 5.589610674932909973e-02
3.280306740732330528e-01 3.704136184056738834e-01 2.244437326753544459e-01
5.439564147940556538e-01 9.620960247660461651e-01 4.349830103990586228e-01
8.909566642222878086e-01 9.166465338464272472e-01 7.297188239028437051e-01
9.037230284042441220e-01 6.857145758675289304e-01 4.496248497762237450e-01
8.305813954447268666e-01 6.591193818982501451e-01 3.379006730220355248e-01
7.153183354368251035e-01 4.459090198313808706e-01 2.393747983297863646e-01
5.812512996410359456e-01 9.733730570507856950e-01 2.516754577491325806e-01
5.185107980485205159e-01 4.763706231053014273e-01 2.517849115012238403e-02
4.639994032667190682e-01 4.077755592954777075e-01 4.649556754699399885e-01
7.455708319632622372e-01 3.866721215782861210e-01 5.234194097913491550e-02
4.535427984456381623e-01 6.263700012128993189e-01 3.050621622307314595e-02
4.279191791067453732e-01 9.726557316742029391e-01 2.731431467329015206e-03
4.339534940227074422e-01 3.678650486764178940e-01 6.810209087079804879e-01
3.673572360995995822e-01 6.218207427552210342e-01 7.572734997977557114e-01
2.049547532944424599e-01 9.955171247157220682e-01 9.202591867728523445e-01
1.424394632181315012e-01 2.120867069735887789e-01 5.057648775221228465e-01
7.494000505245830279e-01 1.072437718718951549e-01 8.154286163884572058e-01
4.127760780859524026e-02 7.601222556046168810e-01 5.991563612220767165e-01
